19 :N

Knot Vector:
0
0
0
0
0.0625
0.1250
0.1875
0.2500
0.3125
0.3750
0.4375
0.5000
0.5625
0.6250
0.6875
0.7500
0.8125
0.8750
0.9375
1
1
1
1
 
Control points:
0 0 0
0.33333 -0.066986 0
0.66666 -0.249995 0
0.99999 -0.499992 0
1.33333 -0.749991 0
1.66666 -0.933006 0
1.99999 -1.000000 0
2.33333 -0.982965 0
2.66666 -0.933018 0
2.99999 -0.853562 0
3.33333 -0.750011 0
3.66666 -0.629423 0
3.99999 -0.500016 0
4.33333 -0.370607 0
4.66666 -0.250016 0
4.99999 -0.146460 0
5.33333 -0.066998 0
5.66666 -0.017043 0
6 0 0
